4.050795810830955475e+02
3.963218818090959417e+02
3.801665407550757436e+02
3.801665407550757436e+02
3.760286351518766992e+02
3.760286351518766992e+02
3.760286351518766992e+02
3.637843193670503865e+02
3.637843193670503865e+02
3.545579861327831850e+02
3.545579861327831850e+02
3.545579861327831850e+02
3.537667506626112868e+02
3.537667506626112868e+02
3.318550971202680557e+02
2.869492094764371473e+02
2.856584433415039825e+02
2.856584433415039825e+02
2.856584433415039825e+02
2.849294553024817560e+02
2.823950801214576245e+02
2.799616938450189423e+02
2.762514032106818718e+02
2.740526236982582304e+02
2.740526236982582304e+02
2.729464990270888620e+02
2.729464990270888620e+02
2.729464990270888620e+02
2.729464990270888620e+02
2.715131971878140007e+02
2.698564390811931162e+02
2.685809149060931986e+02
2.684884890917236362e+02
2.626329365312405457e+02
2.626329365312405457e+02
2.626329365312405457e+02
2.620540963128784142e+02
2.620540963128784142e+02
2.593811156103808457e+02
2.593811156103808457e+02
2.589133679470280072e+02
2.587649800938644375e+02
2.541726957811184775e+02
2.505887010940566597e+02
2.476862306298104954e+02
2.476862306298104954e+02
2.476862306298104954e+02
2.465863803270464985e+02
2.465863803270464985e+02
2.445969437805897826e+02
