4.050795810830955475e+02
4.050795810830955475e+02
4.050795810830955475e+02
4.050795810830955475e+02
4.050795810830955475e+02
4.050795810830955475e+02
4.050795810830955475e+02
3.596608883405938286e+02
2.947480336912296934e+02
2.947480336912296934e+02
2.947480336912296934e+02
2.947480336912296934e+02
2.947480336912296934e+02
2.821764996029975237e+02
2.821764996029975237e+02
2.800922285390051343e+02
2.767834973816587194e+02
2.673166312746599260e+02
2.558375222113771770e+02
2.548306576129490963e+02
2.542165722185293646e+02
2.542165722185293646e+02
2.542165722185293646e+02
2.542165722185293646e+02
2.497810230145942114e+02
2.497810230145942114e+02
2.489408356666672830e+02
2.388048783106005999e+02
2.388048783106005999e+02
2.388048783106005999e+02
2.388048783106005999e+02
2.388048783106005999e+02
2.388048783106005999e+02
2.288192806658742029e+02
2.288192806658742029e+02
2.288192806658742029e+02
2.281120265322714715e+02
2.281120265322714715e+02
2.060025631838378217e+02
2.060025631838378217e+02
2.060025631838378217e+02
2.057926196578418967e+02
2.018694185912112573e+02
1.920032815333229905e+02
1.831399308699970732e+02
1.831399308699970732e+02
1.831399308699970732e+02
1.831399308699970732e+02
1.802948809510439219e+02
1.796808421097085500e+02
1.796808421097085500e+02
1.796808421097085500e+02
1.796808421097085500e+02
1.785972413329471351e+02
1.688054135296177378e+02
1.688054135296177378e+02
1.686159130409813542e+02
1.663354065240638988e+02
1.661137307288931595e+02
1.661137307288931595e+02
1.661137307288931595e+02
1.661137307288931595e+02
1.657288789141780683e+02
1.651034082165174937e+02
1.651034082165174937e+02
1.630610443844313124e+02
1.630610443844313124e+02
1.630610443844313124e+02
1.630610443844313124e+02
1.608646209663166360e+02
1.596662419568829137e+02
1.596662419568829137e+02
1.596662419568829137e+02
1.560198608341954696e+02
1.560198608341954696e+02
1.542015998995788095e+02
1.542015998995788095e+02
1.504245801263575686e+02
1.504245801263575686e+02
1.375187049674423747e+02
1.345996195797327459e+02
1.293344752344908670e+02
1.289867873038004973e+02
1.244711698139876148e+02
1.177395309353753419e+02
1.119203463292468115e+02
1.043286063799279617e+02
1.043286063799279617e+02
1.009661052304807356e+02
1.000835020206499166e+02
9.844288432841705117e+01
9.844288432841705117e+01
9.837581545143123662e+01
9.837581545143123662e+01
9.540746322982525385e+01
9.540746322982525385e+01
9.540746322982525385e+01
9.293316946628888786e+01
9.293316946628888786e+01
9.187164833744765247e+01
9.187164833744765247e+01
9.128831274969299159e+01
9.128831274969299159e+01
9.128831274969299159e+01
8.772523324743539774e+01
8.613357555889469097e+01
8.613357555889469097e+01
8.613357555889469097e+01
8.613357555889469097e+01
8.029223712094641030e+01
8.029223712094641030e+01
8.029223712094641030e+01
8.029223712094641030e+01
7.873108086653212467e+01
7.848069963168262575e+01
7.848069963168262575e+01
7.848069963168262575e+01
7.848069963168262575e+01
7.848069963168262575e+01
7.769285658358160163e+01
7.769285658358160163e+01
7.625463992596571927e+01
7.625463992596571927e+01
7.625463992596571927e+01
7.625463992596571927e+01
7.540011157417468723e+01
7.540011157417468723e+01
7.289243183782642177e+01
6.895093471749420644e+01
6.803202524822451380e+01
6.543388714133484996e+01
6.543388714133484996e+01
6.543388714133484996e+01
6.543388714133484996e+01
6.543388714133484996e+01
6.522965544322671860e+01
6.407336446738638358e+01
6.407336446738638358e+01
6.407336446738638358e+01
6.407336446738638358e+01
6.372057260726985106e+01
6.372057260726985106e+01
6.042872715888331925e+01
6.042872715888331925e+01
5.977417986837163966e+01
5.873364255099191666e+01
5.873364255099191666e+01
5.862985513199731713e+01
5.862985513199731713e+01
5.862985513199731713e+01
5.715663876262688348e+01
5.582628006360458528e+01
5.532737304702450132e+01
5.236238784645664168e+01
5.236238784645664168e+01
5.233376125301921888e+01
5.233376125301921888e+01
4.993214309833325615e+01
4.993214309833325615e+01
4.993214309833325615e+01
4.993214309833325615e+01
4.993214309833325615e+01
4.993214309833325615e+01
4.983640402262106761e+01
4.983640402262106761e+01
4.573055114505449836e+01
4.539494902208086557e+01
4.443224051602257418e+01
4.353851731924590496e+01
4.353851731924590496e+01
3.939597382501950307e+01
3.704001518351326894e+01
3.607933989144758158e+01
3.566136254468428746e+01
3.566136254468428746e+01
3.566136254468428746e+01
3.566136254468428746e+01
3.566136254468428746e+01
3.566136254468428746e+01
3.566136254468428746e+01
3.566880704785721434e+01
3.532031302199689549e+01
3.532031302199689549e+01
3.532031302199689549e+01
3.532031302199689549e+01
3.456184771674516298e+01
3.456184771674516298e+01
3.456184771674516298e+01
2.898418066952921990e+01
2.593145549935236716e+01
2.593145549935236716e+01
2.593145549935236716e+01
2.566975767321275015e+01
2.294093639871259427e+01
2.229215945044312974e+01
2.229215945044312974e+01
2.229215945044312974e+01
2.143676958668177690e+01
2.143676958668177690e+01
2.143676958668177690e+01
2.143676958668177690e+01
2.139003083032617525e+01
2.103936333752259102e+01
2.072279908767906775e+01
1.989407933984785970e+01
1.989407933984785970e+01
1.989407933984785970e+01
1.827921466100251635e+01
1.827921466100251635e+01
1.746906195646411675e+01
1.746906195646411675e+01
1.746906195646411675e+01
1.595947039183905680e+01
1.514760544015974197e+01
1.514760544015974197e+01
1.514760544015974197e+01
1.514760544015974197e+01
1.500863251343058380e+01
1.452590358803361781e+01
1.448193811105236861e+01
1.448193811105236861e+01
1.396990701402983781e+01
1.396990701402983781e+01
1.396990701402983781e+01
1.396990701402983781e+01
1.391180179642349657e+01
1.391345423900531486e+01
1.384856565850740928e+01
1.384856565850740928e+01
1.384856565850740928e+01
1.348403870755135259e+01
1.348403870755135259e+01
1.348403870755135259e+01
1.348403870755135259e+01
1.307727151983641889e+01
1.290023758066629256e+01
1.262301638494099087e+01
1.245791114354552676e+01
1.245791114354552676e+01
1.245791114354552676e+01
1.245791114354552676e+01
1.245791114354552676e+01
1.241027805446856824e+01
1.241027805446856824e+01
1.241027805446856824e+01
1.241027805446856824e+01
1.241027805446856824e+01
1.228089360089430748e+01
1.228089360089430748e+01
1.181029165642840262e+01
1.191489582672684477e+01
1.191489582672684477e+01
1.181797506630072725e+01
1.181797506630072725e+01
1.181797506630072725e+01
1.181797506630072725e+01
1.181797506630072725e+01
1.181797506630072725e+01
1.194901587070478577e+01
1.194901587070478577e+01
1.194901587070478577e+01
1.194901587070478577e+01
1.187137203265315222e+01
1.187137203265315222e+01
1.178193857671858602e+01
1.167616128892065319e+01
1.167616128892065319e+01
1.120081134031300074e+01
1.120081134031300074e+01
1.120081134031300074e+01
1.120081134031300074e+01
1.116441834397665822e+01
1.116441834397665822e+01
1.106394728734701260e+01
1.106394728734701260e+01
1.102366466127452860e+01
1.102366466127452860e+01
1.102366466127452860e+01
1.043290198471642860e+01
9.753781466936965572e+00
9.756179350672663730e+00
9.653185249960328562e+00
9.661868619439022865e+00
9.728906665375546936e+00
9.728906665375546936e+00
9.566849462477541977e+00
9.566849462477541977e+00
9.566849462477541977e+00
9.566849462477541977e+00
9.503046246933209318e+00
9.295280145960822082e+00
9.295280145960822082e+00
9.055810720327851726e+00
8.987246343547660388e+00
9.000594569974564862e+00
9.000594569974564862e+00
9.000594569974564862e+00
8.963190528270589041e+00
8.923596782590752952e+00
8.934064954328958308e+00
8.956149000589473275e+00
8.706664254388146063e+00
8.706664254388146063e+00
8.706664254388146063e+00
8.706664254388146063e+00
8.767822087066342363e+00
8.767822087066342363e+00
8.767822087066342363e+00
8.579952880190987230e+00
8.579952880190987230e+00
8.509876917599157764e+00
8.509876917599157764e+00
8.509876917599157764e+00
8.509876917599157764e+00
8.509876917599157764e+00
8.509876917599157764e+00
8.057322837013181527e+00
8.057322837013181527e+00
8.042959100763214408e+00
7.951940494788560798e+00
7.940528423440635031e+00
7.940528423440635031e+00
7.940528423440635031e+00
7.940528423440635031e+00
8.099954379835201834e+00
8.424248621121980918e+00
8.336274514705340977e+00
8.336274514705340977e+00
8.336878216684205256e+00
8.486816871432489862e+00
8.486816871432489862e+00
8.296021905763605986e+00
8.296021905763605986e+00
8.296021905763605986e+00
8.296021905763605986e+00
8.296021905763605986e+00
8.301797587269557965e+00
8.301797587269557965e+00
8.301797587269557965e+00
8.743488482291146724e+00
8.743488482291146724e+00
8.757442973353748883e+00
8.637226179317195829e+00
8.637226179317195829e+00
8.637226179317195829e+00
7.843500445649561392e+00
7.843500445649561392e+00
8.157176111134063490e+00
8.028555697431293936e+00
7.660786057884323874e+00
7.660786057884323874e+00
7.660786057884323874e+00
7.660786057884323874e+00
7.665445795524298944e+00
7.673699614657623513e+00
7.532503716845281083e+00
7.419170937983857073e+00
7.513447244389825919e+00
7.175908709155259579e+00
7.235827285890839455e+00
7.235827285890839455e+00
7.235827285890839455e+00
7.235827285890839455e+00
7.235827285890839455e+00
7.235827285890839455e+00
7.235827285890839455e+00
7.276997393481559051e+00
7.276997393481559051e+00
7.276997393481559051e+00
7.276997393481559051e+00
7.279530342268082599e+00
7.279530342268082599e+00
7.279530342268082599e+00
7.361463579073523888e+00
7.076064287230252603e+00
7.076064287230252603e+00
7.282215372836396305e+00
7.301849096820815177e+00
7.276323258336901745e+00
7.166126377990287288e+00
7.292929327485839330e+00
7.292929327485839330e+00
7.292929327485839330e+00
7.473362389913471127e+00
7.473362389913471127e+00
7.473362389913471127e+00
7.465675402254783322e+00
7.466699829781513920e+00
7.480039521024045790e+00
7.480039521024045790e+00
7.480039521024045790e+00
7.480039521024045790e+00
7.480039521024045790e+00
7.480039521024045790e+00
7.466486273602860990e+00
7.405591136857724521e+00
7.577647312734975493e+00
7.433458195772742805e+00
7.486454269027779773e+00
7.526588687245832077e+00
7.526588687245832077e+00
7.835526309757979924e+00
8.135598919109305882e+00
8.135598919109305882e+00
8.003974794353288402e+00
8.003974794353288402e+00
7.686246422367231546e+00
7.532611490315693992e+00
7.199220134626783896e+00
7.209913319696192424e+00
7.439979045505092259e+00
7.439979045505092259e+00
7.466381722311320246e+00
7.466381722311320246e+00
7.491105687794823886e+00
7.358420022987347764e+00
7.282638424490276208e+00
7.282638424490276208e+00
7.426681398485409424e+00
7.426681398485409424e+00
7.426681398485409424e+00
7.373484258279297876e+00
7.327934405443532029e+00
7.327934405443532029e+00
7.327934405443532029e+00
7.327934405443532029e+00
7.327934405443532029e+00
7.324995388195938872e+00
7.324995388195938872e+00
7.367484527258772786e+00
7.367484527258772786e+00
7.367420362932271871e+00
7.367420362932271871e+00
7.367420362932271871e+00
7.367420362932271871e+00
7.587616854627448504e+00
7.587616854627448504e+00
7.513530612277977916e+00
7.577498367742734331e+00
7.643018880822908478e+00
7.707731249747433289e+00
8.175410405203342279e+00
8.777489457030085873e+00
8.762651324317033641e+00
8.762651324317033641e+00
8.762651324317033641e+00
8.502325271462577660e+00
8.266253827116873509e+00
8.266253827116873509e+00
8.341019368883332064e+00
8.341019368883332064e+00
8.341019368883332064e+00
8.341019368883332064e+00
8.484050695042471446e+00
8.484050695042471446e+00
8.484050695042471446e+00
8.484050695042471446e+00
8.484050695042471446e+00
9.089448065218226347e+00
9.089448065218226347e+00
8.734871909387242894e+00
8.734871909387242894e+00
8.675922541733974924e+00
8.615652473482214191e+00
8.961164622569311788e+00
8.961164622569311788e+00
8.111064293209226506e+00
8.111064293209226506e+00
8.062435176354870947e+00
8.192995852538299317e+00
7.427672562878853135e+00
7.427672562878853135e+00
7.427672562878853135e+00
7.445056533266846799e+00
7.445056533266846799e+00
7.481866833823840324e+00
7.303181553381801194e+00
7.303181553381801194e+00
7.332847450320444160e+00
7.332847450320444160e+00
7.387584271358506705e+00
7.307899596645317075e+00
7.307899596645317075e+00
7.281145637793130732e+00
7.213405821306875687e+00
7.441526866669122775e+00
7.364844307359994069e+00
7.140245020480151084e+00
7.140245020480151084e+00
7.140245020480151084e+00
7.112839610888802788e+00
7.112839610888802788e+00
7.430014675988545036e+00
7.109988973858598627e+00
7.109988973858598627e+00
7.133665886927862410e+00
7.260991643375540150e+00
7.217897736602978398e+00
7.220977689401495425e+00
7.111556381044069397e+00
7.274137323634021435e+00
7.451557949398496028e+00
7.401552499229118176e+00
7.401552499229118176e+00
7.401552499229118176e+00
7.147349409341029691e+00
7.130207915393487639e+00
7.130207915393487639e+00
7.256161624878175509e+00
7.463690620235103879e+00
7.414830738029512425e+00
7.414830738029512425e+00
7.406232726771549757e+00
7.406232726771549757e+00
7.406232726771549757e+00
7.406232726771549757e+00
7.629965689488211744e+00
7.629965689488211744e+00
7.629965689488211744e+00
7.629965689488211744e+00
7.629965689488211744e+00
7.629965689488211744e+00
7.629965689488211744e+00
7.756100947208135032e+00
7.756100947208135032e+00
7.770729160170875893e+00
7.770729160170875893e+00
7.712754724358140912e+00
8.203275231296416337e+00
8.150995344132143217e+00
8.295446045289805781e+00
8.295446045289805781e+00
8.295446045289805781e+00
8.258345638988906501e+00
8.433910113675194609e+00
8.400837161091560645e+00
8.400837161091560645e+00
8.400837161091560645e+00
7.818726371328137859e+00
7.890469415836020239e+00
7.890469415836020239e+00
7.869644495982377919e+00
7.604311616459873413e+00
7.619618452852891188e+00
7.619618452852891188e+00
7.619618452852891188e+00
7.619618452852891188e+00
7.619618452852891188e+00
7.619618452852891188e+00
7.619618452852891188e+00
7.619618452852891188e+00
7.452153765564076160e+00
7.452153765564076160e+00
7.452153765564076160e+00
7.452153765564076160e+00
7.116123936379924686e+00
7.082233627192539238e+00
7.082233627192539238e+00
7.057251937715478540e+00
7.093738702145812702e+00
7.093738702145812702e+00
7.093738702145812702e+00
6.994228799632697502e+00
6.994228799632697502e+00
6.928947140034081187e+00
6.914890357428531864e+00
6.907844428483989496e+00
6.907844428483989496e+00
7.110652984256997655e+00
7.239546844692378080e+00
7.239546844692378080e+00
6.984125648228192595e+00
7.026582637789981156e+00
7.051464135918688036e+00
7.051464135918688036e+00
7.051464135918688036e+00
7.060289173144817632e+00
7.037615014317335493e+00
7.037615014317335493e+00
7.017122388390851562e+00
7.017122388390851562e+00
7.017122388390851562e+00
7.145207288172365168e+00
7.145207288172365168e+00
7.145207288172365168e+00
7.145207288172365168e+00
7.160023542888369619e+00
7.043824835196976331e+00
7.043824835196976331e+00
7.126091627801954154e+00
7.014602921307957040e+00
7.014602921307957040e+00
6.932480676055615909e+00
6.932480676055615909e+00
6.932480676055615909e+00
6.895455098630357327e+00
6.906662258933797816e+00
7.219851588357461658e+00
7.222485463434631825e+00
7.222485463434631825e+00
7.089240858894199526e+00
7.093509436090716491e+00
7.093509436090716491e+00
7.093509436090716491e+00
7.223605264398086589e+00
7.223605264398086589e+00
7.223605264398086589e+00
7.223605264398086589e+00
7.393126301890059260e+00
7.393126301890059260e+00
7.388959545482255642e+00
7.346232018792433927e+00
7.346232018792433927e+00
7.373990454360861868e+00
7.536977543270644730e+00
7.683800805903704401e+00
7.683800805903704401e+00
7.683800805903704401e+00
6.990517833573620443e+00
6.990517833573620443e+00
6.947845428429011427e+00
6.928631989308359884e+00
6.972503639555478472e+00
6.972503639555478472e+00
7.325853332275166885e+00
7.325434693372073092e+00
7.325434693372073092e+00
7.336755027797637219e+00
7.336755027797637219e+00
7.292845278938105302e+00
7.284955765115879167e+00
7.084735598838963533e+00
7.025760536229392450e+00
6.973788521307207944e+00
7.087540836556732948e+00
7.510329958333719524e+00
7.510329958333719524e+00
7.510329958333719524e+00
7.510329958333719524e+00
7.246714337195694355e+00
7.246714337195694355e+00
7.218275430444805352e+00
7.286227130196563984e+00
7.272209746897372540e+00
7.248931854125816088e+00
7.248931854125816088e+00
7.337275781125004670e+00
7.858328050593317293e+00
7.858328050593317293e+00
7.923542395788844672e+00
8.029194065860734142e+00
8.023533611766636042e+00
7.665370629212971743e+00
7.846551071602174687e+00
8.095870279096635258e+00
8.095870279096635258e+00
8.095870279096635258e+00
8.095278658804884842e+00
8.095323923370042252e+00
8.044748355797345596e+00
8.133317289471257538e+00
8.133317289471257538e+00
8.133317289471257538e+00
8.471875370517368609e+00
8.303132765136329141e+00
8.307510415935016823e+00
8.143405707773776925e+00
8.689134158161271770e+00
8.689134158161271770e+00
8.689134158161271770e+00
8.689134158161271770e+00
8.689134158161271770e+00
8.689134158161271770e+00
8.671581990040062138e+00
8.893342884530238024e+00
8.428898551308019904e+00
8.428898551308019904e+00
8.428898551308019904e+00
8.404771668394641182e+00
8.306060822051684056e+00
8.244362646860889043e+00
8.351641280512325238e+00
8.136149851157419732e+00
8.136149851157419732e+00
8.136149851157419732e+00
8.134443385174906282e+00
8.134443385174906282e+00
8.187224361358520497e+00
8.114511459061859000e+00
8.196488547430636373e+00
8.086668073056578976e+00
7.698881861650555436e+00
7.698881861650555436e+00
7.698881861650555436e+00
7.704949752715746669e+00
7.657759189030889146e+00
7.657759189030889146e+00
7.569394390782021809e+00
7.612417270660462698e+00
7.612417270660462698e+00
8.065672974213509150e+00
8.065672974213509150e+00
8.052343296967240605e+00
7.827926160971800940e+00
7.517447610452275164e+00
7.517447610452275164e+00
7.717721145552985718e+00
7.749213920696432112e+00
7.813529657144520968e+00
7.813529657144520968e+00
7.813529657144520968e+00
7.790948100878331672e+00
7.790948100878331672e+00
8.262223300496533085e+00
8.239671913343450171e+00
8.209874152204969633e+00
8.209874152204969633e+00
8.151655255593176719e+00
8.105158488685201945e+00
8.075188721555468518e+00
8.063092138835877165e+00
8.063092138835877165e+00
7.633653460014857117e+00
7.633653460014857117e+00
7.633653460014857117e+00
7.633653460014857117e+00
7.422118417369237164e+00
7.538799881505220846e+00
7.534916710259473405e+00
7.532229899710979559e+00
7.532229899710979559e+00
7.052858204108486184e+00
7.052858204108486184e+00
7.052858204108486184e+00
7.052858204108486184e+00
7.083464165826788062e+00
7.068922541814582239e+00
7.068922541814582239e+00
7.150809730381656237e+00
7.150809730381656237e+00
6.976645287071108648e+00
6.976645287071108648e+00
7.041535785637583089e+00
7.053508061800680018e+00
7.053508061800680018e+00
7.031731015721446987e+00
7.031731015721446987e+00
7.031731015721446987e+00
7.031731015721446987e+00
7.031731015721446987e+00
7.274939845085875767e+00
7.274939845085875767e+00
7.274939845085875767e+00
7.220107948695904554e+00
7.252462387470600014e+00
7.284722522720668003e+00
7.284722522720668003e+00
7.251889259087620054e+00
7.068528534279281850e+00
7.068528534279281850e+00
7.109580849661147006e+00
7.418696518700488518e+00
7.407685827457877181e+00
7.129495011576413077e+00
7.129495011576413077e+00
7.265944723850267017e+00
7.265944723850267017e+00
7.265944723850267017e+00
7.180950028549776931e+00
7.071870128543394252e+00
7.009351377358090218e+00
7.009351377358090218e+00
7.009351377358090218e+00
6.980880833946470965e+00
7.068742145215948902e+00
7.055755747405414446e+00
7.055755747405414446e+00
7.055755747405414446e+00
7.055755747405414446e+00
6.996117602017037918e+00
6.996117602017037918e+00
7.022399807073549383e+00
7.012386117172522582e+00
7.217889914134411278e+00
7.217889914134411278e+00
7.179908585772059482e+00
7.149658082003790938e+00
7.129049885500499784e+00
7.368829030885915898e+00
7.263824596221530427e+00
7.263824596221530427e+00
7.263824596221530427e+00
7.111371141694904807e+00
7.111371141694904807e+00
6.984390051455318549e+00
7.345196561496401877e+00
7.345196561496401877e+00
7.345196561496401877e+00
7.345196561496401877e+00
7.560548526716504902e+00
7.137766167749345136e+00
7.478502641714222854e+00
7.478502641714222854e+00
7.266346506929276750e+00
7.096677969659173080e+00
7.238476486351114403e+00
7.238476486351114403e+00
7.151654037661116625e+00
7.057009955469261797e+00
7.057009955469261797e+00
7.051547652716971371e+00
6.976760618302529693e+00
7.026343596461471108e+00
7.011123756596089329e+00
7.013698651834510578e+00
7.013698651834510578e+00
7.013698651834510578e+00
7.013698651834510578e+00
6.953080325457352551e+00
6.953080325457352551e+00
6.953080325457352551e+00
7.115480670123425000e+00
7.115480670123425000e+00
7.142518067075394939e+00
7.142518067075394939e+00
7.112374277045454996e+00
7.112374277045454996e+00
7.064066635221327495e+00
7.044203359608312454e+00
7.044203359608312454e+00
7.575440773428028685e+00
7.563388650494671239e+00
7.474823111656820451e+00
7.474851374203486110e+00
7.484475181533790433e+00
7.396031810055736955e+00
7.250029566391835267e+00
7.232388110181212859e+00
7.232388110181212859e+00
7.232388110181212859e+00
7.232388110181212859e+00
7.283870772761202872e+00
7.283870772761202872e+00
7.470035753718474503e+00
7.468023418994956586e+00
7.468023418994956586e+00
7.481543007205758045e+00
7.481543007205758045e+00
7.481543007205758045e+00
7.481543007205758045e+00
7.810270239198118247e+00
7.664838856433604519e+00
7.654029831891850044e+00
7.654029831891850044e+00
7.654029831891850044e+00
7.654029831891850044e+00
7.343597946589452974e+00
7.295693992488730295e+00
7.298566392930605495e+00
7.298566392930605495e+00
7.307770768576799192e+00
7.307770768576799192e+00
7.307770768576799192e+00
7.307770768576799192e+00
7.357249750830221480e+00
7.357249750830221480e+00
7.357249750830221480e+00
7.394661968591448975e+00
7.322507031574172487e+00
7.310548003477332024e+00
7.505658012008936453e+00
7.505658012008936453e+00
7.581126159831162781e+00
7.436188917393405262e+00
7.455413314218654719e+00
7.455413314218654719e+00
7.455413314218654719e+00
7.524532238433957687e+00
7.244062139716467286e+00
7.244062139716467286e+00
7.244062139716467286e+00
7.244062139716467286e+00
7.248353880527483639e+00
7.248353880527483639e+00
7.248353880527483639e+00
7.476876015387787788e+00
7.476876015387787788e+00
7.476876015387787788e+00
7.523891341162229018e+00
7.523891341162229018e+00
7.523891341162229018e+00
7.372933223319160234e+00
7.373501082376424876e+00
7.357373285717122791e+00
7.258556265271529639e+00
7.258556265271529639e+00
7.191502999405313901e+00
7.191502999405313901e+00
7.191502999405313901e+00
7.191502999405313901e+00
7.159472113253397829e+00
7.159472113253397829e+00
7.160667182150987742e+00
7.157646605496325698e+00
7.157646605496325698e+00
7.157646605496325698e+00
7.154512598798024037e+00
7.154512598798024037e+00
7.601289057908746649e+00
7.576521019887428210e+00
7.547404039940384557e+00
7.547404039940384557e+00
7.534108593084980043e+00
7.532869887963857813e+00
7.502947482219482822e+00
7.502947482219482822e+00
7.424485516618126724e+00
7.424485516618126724e+00
7.209467795848254923e+00
7.125172106367819502e+00
7.156315167537309563e+00
7.156315167537309563e+00
7.000014029226690582e+00
7.217388563634369980e+00
7.491143637241444608e+00
7.491143637241444608e+00
7.491143637241444608e+00
7.491143637241444608e+00
7.491143637241444608e+00
7.472851588052894733e+00
7.575349796056838336e+00
7.575349796056838336e+00
7.638415748114130821e+00
7.638415748114130821e+00
7.036236200113027195e+00
7.016535396712519024e+00
7.016535396712519024e+00
7.016535396712519024e+00
7.037724397346228677e+00
7.037724397346228677e+00
7.037724397346228677e+00
7.156592381958454929e+00
7.052836206821988974e+00
7.035640228666713902e+00
7.035640228666713902e+00
6.978342258078988891e+00
6.964565165698368254e+00
6.939985443627747941e+00
6.873504674195795694e+00
6.873504674195795694e+00
6.873338734579921727e+00
7.376157575454403315e+00
7.175910766808088148e+00
7.194585864200556458e+00
7.194585864200556458e+00
7.220079519892172115e+00
7.120849944098432971e+00
7.120849944098432971e+00
7.057591520061877510e+00
7.057591520061877510e+00
7.057591520061877510e+00
7.057591520061877510e+00
7.057591520061877510e+00
7.090469021105182179e+00
7.116482918376000555e+00
7.303768735548485935e+00
7.303768735548485935e+00
7.303768735548485935e+00
7.303768735548485935e+00
7.368081654861464713e+00
7.368081654861464713e+00
7.368081654861464713e+00
7.368081654861464713e+00
7.368081654861464713e+00
7.395818059224485097e+00
7.572671649746499867e+00
7.572671649746499867e+00
7.572671649746499867e+00
7.179644013842839456e+00
7.179644013842839456e+00
7.155299410590632903e+00
7.155299410590632903e+00
7.119698595254265960e+00
6.788405816622771205e+00
6.806872819433549715e+00
6.806872819433549715e+00
6.806872819433549715e+00
6.792744926718017773e+00
6.778688491637803182e+00
6.778688491637803182e+00
7.088054480845348060e+00
7.088054480845348060e+00
7.088054480845348060e+00
7.149857737906001098e+00
7.149857737906001098e+00
7.148566518891351862e+00
7.257883093707675926e+00
7.257883093707675926e+00
7.257084098202041922e+00
7.257084098202041922e+00
